$ 1 0.000005 0.41233529972698213 19 7 50
l 48 16 160 16 0 0.01 0.6102440917659031
c 304 96 304 16 0 0.0001 -14.508962997096702
g 304 96 304 144 0
r 384 16 384 112 0 100
f 112 112 160 112 32 1.5 0.02
w 304 16 384 16 0
d 160 16 240 16 1 0.805904783
w 160 96 160 16 0
g 160 128 160 160 0
d -32 16 48 16 1 0.805904783
g 384 112 384 160 0
O 160 16 160 -64 0
w -224 144 -224 176 0
g -224 224 -224 240 0
c -224 176 -224 224 0 1e-9 1.75583231194527
w -224 16 -80 16 0
R -80 16 -80 0 0 0 40 10 0 0 0.5
165 -144 48 -128 48 0 0
w -16 112 112 112 0
w -80 16 -32 16 0
O -16 112 16 176 0
w -144 80 -160 80 0
w -144 176 -224 176 0
w -144 144 -224 144 0
z 240 256 240 16 1 0.805904783 12
w 240 256 0 256 0
w -80 240 -80 208 0
g -80 272 -80 320 0
r 240 256 240 320 0 10000
g 240 320 240 352 0
w 240 16 304 16 0
r -224 16 -224 80 0 47000
r -160 80 -224 80 0 10000
w -224 144 -224 80 0
f 0 256 -80 256 32 1.5 0.02
o 3 2 0 12291 14.508962997096702 0.14508962997096703 0 2 3 3
o 11 1 0 4098 55.342307976708135 0.0001 1 2 20 0
